

threshold=8.00e+02
  10  1758439.25        27.54
  20  13715540.00        27.65
  30  34373308.00        28.48
  40  57069768.00        33.08
  50  67537176.00        48.12
relearning...
  10     1335.75        35.04
  20      289.36        29.67
  30      142.97        29.00


down_proj
threshold=5.64e+02
  10   108621.02        27.80
  20   186619.05        28.22
  30   276306.59        29.10
  40   474586.88        30.37
  50   782492.81        31.99
relearning...
  10      691.85        31.52
  20      209.96        29.96
  30      104.22        29.48

up_proj
threshold=7.68e+02
  10   198153.14        27.57
  20   750877.94        27.57
  30  1387170.38        27.65
  40  2223566.75        27.74
  50  3347274.00        27.89
relearning...
  10    23581.80        28.36
  20      701.69        34.38
  30      191.19        29.35

gate_proj
threshold=9.96e+02
  10       73.15        27.55
  20      391.77        27.57
  30     1776.90        27.59
  40     5600.36        27.61
  50    13263.93        27.65
relearning...
  10      118.94        27.99
  20       59.10        27.40
  30       44.32        27.41

input_layernorm
threshold=9.04e+02
  10       32.76        27.58
  20       32.76        27.58
  30       32.76        27.58
  40       32.76        27.58
  50       32.76        27.58
relearning...
  10       29.08        27.03
  20       28.05        26.87
  30       27.64        26.95

post_attention_layernorm
threshold=3.94e+02
  10       32.75        27.56
  20       32.77        27.58
  30       32.80        27.57
  40       32.80        27.58
  50       32.80        27.58
relearning...
  10       29.19        27.01
  20       28.06        26.86
  30       27.67        26.96

q_proj.weight
threshold=3.94e+03
  10       32.74        27.61
  20       32.74        27.55
  30       32.76        27.57
  40       32.75        27.58
  50       32.71        27.60
relearning...
  10       29.13        27.03
  20       28.02        26.89
  30       27.60        26.95

k_proj.weight
threshold=8.96e+02
  10       32.72        27.56
  20       32.75        27.62
  30       32.81        27.59
  40       32.76        27.57
  50       32.80        27.58
relearning...
  10       29.19        27.03
  20       28.05        26.85
  30       27.69        26.97

v_proj.weight
threshold=2.98e+02
  10       35.17        27.58
  20       43.76        27.59
  30       62.59        27.65
  40      101.11        27.71
  50      177.23        27.70
relearning...
  10       33.12        27.91
  20       30.15        27.46
  30       29.32        27.21

o_proj.weight
threshold=5.02e+02
  10       34.06        27.56
  20       38.61        27.61
  30       49.09        27.68
  40       73.58        27.82
  50      131.60        27.98
relearning...
  10       31.46        27.61
  20       29.50        27.32
  30       28.51        27.19

q_proj.bias
threshold=1.58e+03
  10       32.77        27.54
  20       32.76        27.58
  30       32.78        27.60
  40       32.73        27.59
  50       32.76        27.58
relearning...
  10       29.10        27.02
  20       28.03        26.84
  30       27.60        26.94

k_proj.bias
threshold=6.91e+04
  10       32.76        27.58
  20       32.76        27.58
  30       32.76        27.58
  40       32.76        27.58
  50       32.76        27.58
relearning...
  10       29.08        27.03
  20       28.05        26.87
  30       27.64        26.95

v_proj.bias
threshold=4.22e+01
  10       32.75        27.57
  20       32.75        27.58
  30       32.76        27.58
  40       32.78        27.64
  50       32.77        27.61
relearning...
  10       29.10        27.03
  20       28.04        26.89
  30       27.58        26.98

o_proj.bias