

10  1758439.25        27.54
20  13715540.00        27.65
30  34373308.00        28.48
40  57069768.00        33.08
50  67537176.00        48.12
relearning...
10     1335.75        35.04
20      289.36        29.67
30      142.97        29.00


down_proj
  10       37.22        27.55
  20       57.31        27.56
  30      125.03        27.56
  40      367.66        27.56
  50     1238.29        27.58
relearning...
  10       39.50        27.32
  20       32.71        27.07
  30       30.88        27.12

up_proj
  10   101705.02        27.55
  20   434334.94        27.55
  30   779327.75        27.60
  40  1151379.50        27.64
  50  1576069.88        27.73
relearning...
  10    25234.09        28.22
  20     1018.12        30.09
  30      212.29        28.83

gate_proj
  10      761.09        27.60
  20    10357.34        27.62
  30    45426.73        27.69
  40   112026.48        27.82
  50   196897.62        28.02
relearning...
  10      315.42        29.02
  20      111.21        28.07
  30       68.99        27.82

input_layernorm
  10       32.76        27.58
  20       32.76        27.58
  30       32.76        27.58
  40       32.76        27.58
  50       32.76        27.58
relearning...
  10       29.08        27.03
  20       28.05        26.87
  30       27.64        26.95

post_attention_layernorm
  10       32.76        27.58
  20       32.76        27.58
  30       32.76        27.58
  40       32.76        27.58
  50       32.76        27.58
relearning...
  10       29.08        27.03
  20       28.05        26.87
  30       27.64        26.95


q_proj.weight
  10       32.95        27.59
  20       33.60        27.57
  30       34.54        27.56
  40       35.63        27.56
  50       36.82        27.55
relearning...
  10       29.74        27.06
  20       28.42        26.91
  30       27.67        26.93

k_proj.weight
  10       32.78        27.58
  20       32.71        27.59
  30       32.75        27.57
  40       32.83        27.57
  50       32.89        27.56
relearning...
  10       29.16        27.06
  20       28.05        26.83
  30       27.59        26.96

v_proj.weight
  10       32.77        27.59
  20       32.86        27.57
  30       32.94        27.57
  40       33.09        27.57
  50       33.25        27.56
relearning...
  10       29.33        27.01
  20       28.19        26.88
  30       27.72        26.96

o_proj.weight
  10       32.72        27.58
  20       32.80        27.57
  30       32.87        27.57
  40       32.91        27.56
  50       32.99        27.58
relearning...
  10       29.14        27.02
  20       28.05        26.86
  30       27.68        26.93

q_proj.bias
  10       32.74        27.57
  20       32.72        27.60
  30       32.75        27.58
  40       32.71        27.58
  50       32.76        27.57
relearning...
  10       29.15        27.00
  20       28.02        26.87
  30       27.60        26.95

k_proj.bias
  10       32.75        27.59
  20       32.75        27.56
  30       32.74        27.58
  40       32.73        27.60
  50       32.69        27.55
relearning...
  10       29.13        27.01
  20       28.03        26.83
  30       27.61        26.98

v_proj.bias
  10       32.76        27.58
  20       32.76        27.58
  30       32.76        27.58
  40       32.76        27.58
  50       32.76        27.58
relearning...
  10       29.08        27.03
  20       28.05        26.87
  30       27.64        26.95

o_proj.bias
  10       32.76        27.58
  20       32.76        27.58
  30       32.76        27.58
  40       32.76        27.58
  50       32.76        27.58
relearning...
  10       29.08        27.03
  20       28.05        26.87
  30       27.64        26.95