

threshold=8.00e+03
  10    13300.60        27.57
  20   414220.81        27.59
  30  1496008.88        27.66
  40  2693730.25        27.83
  50  3871480.50        28.14
relearning...
  10      737.65        32.06
  20      176.77        29.04
  30       91.13        28.16


down_proj
threshold=5.60e+03
  10    22264.65        27.74
  20    90600.77        28.23
  30   172514.25        28.99
  40   285420.00        30.21
  50   419246.66        31.73
relearning...
  10      501.73        31.41
  20      149.89        29.22
  30       81.49        28.81

up_proj
threshold=7.65e+03
  10     2018.35        27.56
  20    57664.31        27.58
  30   324988.62        27.61
  40   873646.69        27.67
  50  1612523.88        27.73
relearning...
  10      387.06        31.63
  20      101.15        28.40
  30       61.06        27.81

gate_proj
threshold=9.92e+03
  10       53.86        27.56
  20      198.89        27.56
  30      773.03        27.57
  40     2341.28        27.56
  50     5582.40        27.60
relearning...
  10      103.45        27.82
  20       53.27        27.30
  30       41.56        27.33

input_layernorm
threshold=9.02e+03
  10       32.76        27.58
  20       32.76        27.58
  30       32.76        27.58
  40       32.76        27.58
  50       32.76        27.58
relearning...
  10       29.08        27.03
  20       28.05        26.87
  30       27.64        26.95

post_attention_layernorm
threshold=3.94e+03
  10       32.76        27.58
  20       32.76        27.58
  30       32.76        27.58
  40       32.76        27.58
  50       32.76        27.58
relearning...
  10       29.08        27.03
  20       28.05        26.87
  30       27.64        26.95

q_proj.weight
threshold=3.94e+04
  10       32.76        27.59
  20       32.75        27.58
  30       32.73        27.58
  40       32.77        27.57
  50       32.71        27.58
relearning...
  10       29.14        27.01
  20       28.03        26.86
  30       27.62        26.96

k_proj.weight
threshold=8.96e+03
  10       32.73        27.58
  20       32.75        27.60
  30       32.82        27.58
  40       32.78        27.59
  50       32.79        27.57
relearning...
  10       29.18        27.03
  20       28.04        26.83
  30       27.60        26.96

v_proj.weight
threshold=2.98e+03
  10       34.79        27.59
  20       41.81        27.61
  30       56.34        27.61
  40       84.46        27.65
  50      136.38        27.71
relearning...
  10       32.37        27.84
  20       29.85        27.38
  30       29.14        27.10

o_proj.weight
threshold=4.99e+03
  10       33.94        27.56
  20       37.79        27.67
  30       46.42        27.71
  40       65.31        27.81
  50      107.60        27.99
relearning...
  10       30.86        27.30
  20       29.42        27.25
  30       28.48        27.10

q_proj.bias
threshold=1.57e+04
  10       32.77        27.54
  20       32.76        27.58
  30       32.78        27.60
  40       32.73        27.59
  50       32.76        27.58
relearning...
  10       29.10        27.02
  20       28.03        26.84
  30       27.60        26.94

k_proj.bias
threshold=6.88e+05
  10       32.76        27.58
  20       32.76        27.58
  30       32.76        27.58
  40       32.76        27.58
  50       32.76        27.58
relearning...
  10       29.08        27.03
  20       28.05        26.87
  30       27.64        26.95

v_proj.bias
threshold=4.08e+02
  10       32.73        27.56
  20       32.73        27.57
  30       32.76        27.62
  40       32.73        27.61
  50       32.80        27.66
relearning...
  10       29.09        27.06
  20       28.05        26.87
  30       27.64        26.97

o_proj.bias